8622204
7718011
7081124
7793484
4508558
9997866
7025918
3727422
9531710
4819825
7491945
4746939
6095338
2081137
4037049
2411596
9718745
8826282
6504230
6135809
7805921
1930045
3420205
1190569
1831844
8010770
5439680
7087276
4058452
5715490
6431015
3355540
4494547
5847073
8864416
7941237
2812589
9437770
4527372
7156054
3791539
3245114
9087504
6037318
7522691
7613285
1803827
8035458
9689291
1446989
1319574
3130839
8798065
1778391
2502078
9736358
4615349
5080800
4379290
2622998
1608781
9078160
7942821
6681342
5585079
4633539
9598704
8870598
6577495
4663920
4797609
9811347
3799452
7962067
8172465
7697275
2030933
9569719
7199275
8160959
8115060
6910276
2933012
7251330
3062443
6068355
9127163
8541131
6765628
6038988
3995644
1630911
3870048
8945413
6380940
5821592
8293472
1251829
3698453
1265638
1794059
6730851
7282504
6086704
4584358
9335844
1400269
3884369
1567050
2623099
1212160
7585980
5228957
6068235
2347305
8531684
9854338
4324446
9552382
8369517
1676181
1420074
6258197
3900658
5445240
3531601
3844687
5485456
1795800
9950429
9953936
3159804
9368070
2969866
5448087
5175113
3742013
4874125
2959337
6085880
2537646
6509196
1880664
9107096
9094698
9459601
7731007
9353498
2442436
5334488
7031978
8683173
2856675
9882802
4170637
8368111
6173435
3885868
1835609
7551610
6266571
2648119
9083283
5781847
6482879
5568875
7745985
9741507
7435914
1165401
7904330
8616198
9482451
8487308
4976335
5755021
8133157
2929542
4731524
9287164
8553288
8018195
9965331
8813240
9377999
5562290
9229513
3656716
8577492
8996493
1281739
9369639
6351992
9996103
4924589
4654538
1351511
4660556
3043129
9507779
1145938
8140359
3291431
1112928
7992468
7476969
2083114
4182676
7726041
3287552
3933684
2455260
2758001
8558164
5739928
9025285
3362247
1781654
8462635
5557997
5713167
7433145
1301420
4920445
7400519
3388198
2813293
1609555
9964115
6427258
4095241
1199870
3207839
1480881
6577612
5657746
1712802
1159080
9340310
7831085
3969327
9280636
5900154
4736720
8653323
4897132
1197306
9959221
5925429
2653797
1115422
9654026
8870788
9894615
6429836
3968881
6489642
2553437
9414628
6891566
3431063
9429348
5655409
5763088
3627163
6444363
9714034
5908234
6760704
9097856
3121863
6149702
2187884
9849797
7994171
9166413
5879999
8582031
3084460
9581357
6106817
7488566
8337165
5926237
7200778
7683537
5630504
9445138
9889363
8379012
1676562
9506045
8636258
7193229
3545831
4941111
3775838
7594837
3625211
7743245
7375914
1724596
7138288
6307435
4486546
3019801
5992300
3248552
6161573
4909686
6123474
2204065
3597635
6786085
7014431
4897200
9795383
4068722
7979831
7010264
2293269
7490211
3044977
1824944
6682025
9012286
2157617
4895603
7522667
7775609
9896667
7819601
6269683
8412530
2342743
2507887
8410593
6266649
1381524
5644565
5636174
9767437
4510011
5921901
3733684
1880009
2229361
5505273
4761832
5132043
1624126
1152917
7112705
7294614
5961637
9516224
8823300
4167415
6308537
3821329
4231523
5660099
3900086
8067212
1498645
2510646
2097677
2338345
7745346
4976353
5139942
3798074
6168695
2502699
2985660
4505408
5915032
3846036
6199292
6185196
9692429
3893494
7066105
7490835
5097255
3003731
9900082
2976679
5860715
5446353
2735920
6427058
7265590
7627754
9865440
2913314
7398520
7307059
5537704
6927475
8215880
9530953
6126076
5804131
6523905
7563247
4010657
8059599
1256317
6354550
9394344
1764542
7220152
4621674
6558694
8747338
4853798
2344761
6314295
5867317
2375795
5227623
3905155
9308884
4333337
4858272
8647484
2059655
5012654
5613502
6963777
9144634
9589763
9747092
9099256
8087981
1359628
7347873
3145127
8162602
2851089
4969026
7929560
2592325
6553866
2494399
6128597
8702641
5984747
3616738
9735719
9180248
6230955
4331708
9058844
3350513
6358399
9443095
9975432
6382455
2972025
1830486
7719239
4410387
2984050
6824389
7710731
4622505
2113193
3856989
6254072
6252023
2731102
6808230
4829675
8440439
3403412
7175639
4466573
4282193
3640808
8771026
7412186
4838380
5570354
9930713
7978541
1300631
2091970
1318056
8060958
5736484
3932958
6478322
7256053
1235038
8739996
7009459
2405353
8823301
8075487
5928541
6651638
3449321
1585551
9844704
2071066
7768914
9494622
2792674
7995516
2766167
7257562
7855890
2900377
4113060
2105039
2298937
8094871
3077995
7488568
8776679
7291963
4322230
3627746
8940461
6024721
2580869
1964992
6700935
4881191
2308662
7098559
7354875
8025253
5791673
8651864
4428967
5718024
5046301
3823272
6199731
3799283
6503400
3524202
4456953
7206483
4060893
6334337
5596577
7025225
6480535
4977969
5562259
9667595
8240016
2470633
7836752
9675450
5918863
6505765
1421216
2850467
2871272
4989568
2002034
8540331
9774888
8934836
5840904
1153683
2975412
4712823
5956224
5726320
8166652
6051967
5486667
1503538
9593012
8417709
4697424
4284939
5354827
8319964
5429904
8217996
9761906
9004499
5879944
4978926
3177269
1392508
2337056
8297378
6131632
9387221
5337573
4373835
5037286
4479450
6738584
8768387
1911569
6277598
3999420
5587251
4638079
6166635
6535849
6035870
4114120
4294568
1819243
5166765
5526503
5399512
7804306
2422431
4653258
4575255
9685207
3004347
3070518
3586091
2127518
7227988
2628006
3619138
4647262
4235759
1981651
6047587
6722764
3471131
3361062
6030833
4939943
4795376
8372012
4792810
3939761
8659014
1890373
4454524
3405105
9798848
6177709
3652657
2573144
3287373
3321642
3838174
1335398
5506933
8025782
4256903
3506006
4095998
7748381
1193320
9682413
1151650
6350804
9855728
5142648
1396507
9584649
2478078
8716139
1725740
8430348
9486435
4613914
9361403
5962090
8363711
6237024
5271147
5816928
6785565
2938885
3390712
3294517
3987799
5943226
6610187
7140018
5221998
5177646
9005206
4402834
7734386
8605255
9805462
5656585
2194855
2522210
7639937
1765201
7763719
1917524
9469733
4843426
8404692
9327629
4180050
3065574
6956133
8517712
6622119
6580975
7940775
7230967
8629813
9151456
2857923
2842459
5809655
3947092
2749842
2201796
8755398
3770888
5663011
4138520
1644934
9761387
4254235
6151478
5099225
3454830
2595396
8752093
6498294
8585439
9370574
9739590
8699999
5364878
7899163
7526161
2756415
8313549
6717021
6756564
3371017
3483434
5434330
6282207
6114445
4344266
5809001
5647823
5238479
4616238
8805197
4508933
5467130
1522718
3509021
8317836
1159678
8136340
9218994
4524436
4911892
8867498
3475055
6478503
6544400
1177643
8968473
6058610
5501301
1476375
7157911
4453735
9507710
6203142
6554170
8382747
6105796
9045320
9391312
9424503
8386612
5459081
6830643
5885027
9947535
9491249
9940309
2075059
6598088
9641698
1892663
5152127
4893618
2517689
3752490
1589026
2263507
9073972
1844296
1583661
6202607
2953614
5587894
4102047
7142487
6919142
2161302
3625254
1647197
1993522
7959418
7018037
3852502
1457545
4406215
5856279
5306875
8880105
6711074
5264470
7958919
7117584
9098462
1650107
1496293
6412539
9574122
6675642
1303776
7685795
6987359
7069433
9187726
2001529
1391312
7914250
7967013
4281585
3621884
5275278
9983511
2404177
9081824
5318742
2295767
6908195
9626134
6302831
3117617
5291357
1262146
2754549
7821210
3756255
7505589
4449143
6426196
4885602
4339834
8288623
5140917
3213321
5109338
7517497
7428337
7733285
8809877
8115212
2606086
6071723
4301836
9552876
9393151
3724668
9399199
5460692
1389170
7814173
5136065
2674985
2548890
8160353
1183172
5939216
1575261
5172143
2100025
8055317
2620268
7247471
3064177
5121293
3303488
2807612
2474501
5403707
1708428
6170265
7757871
9295815
2511465
3871698
8130212
7371894
4399177
3806038
1545780
2688980
3521563
4063659
8033944
3811962
5616351
7482422
8749842
7601866
9079209
5741141
6542923
7098612
7320911
4188909
4667368
9473285
1467380
5594957
3180930
8489326
2317046
2324215
6708970
5181476
3293357
6371961
8582841
5889961
6962763
4757598
4265309
3017855
7470967
4451501
5230625
7971249
8991048
2884104
6862671
4381139
9686924
9703499
1119972
3172023
4514990
5897467
6852657
9880506
1462606
6486820
8840585
6715032
9995856
8808304
3810986
2733698
7572583
4864770
5958859
4057049
9893056
5446883
1716681
1581504
2614837
9976917
9012581
5325822
8250983
7449675
3036202
4756805
7664926
8302777
4125002
6363933
2053247
7847883
8509695
7751830
1735531
4423471
5584258
7381779
7420880
4334228
